                                                                                                                
                                                                                                                                                      
##################################################################################################Z
                                                                                                   
                                                                1                       1        
##################################################################################################Z
                                        1             2                              1              
    2          1           1                                                      2            1
##################################################################################################Z
                                        1                 2                         1              
                                                                                     2            1
##################################################################################################Z
                                   1                 2                         1              
                                2                                                   2            1
##################################################################################################Z
                               2                       1                   2                   2 
                                                        2                                     1
##################################################################################################Z
                                                2                                                  
                                                                                                 1 
##################################################################################################Z
                                        2                                                        
                 2                                          2                       2             1
##################################################################################################Z
                    1                               1                     1                     2 
                                                                                                 1
##################################################################################################Z
                    1                               1                     1      2                
                                                                                                 1
##################################################################################################Z
                                        2            2                1                       2    
                        2                      1                      2                        1   
##################################################################################################Z
                             2            2            2             1                            2 
                                                                        2                        1
##################################################################################################Z
                                        1                 2                         1              
                                                                                     2            1
##################################################################################################Z
                                   1                 2                         1              
                                2                                                   2            1
##################################################################################################Z
                               2                       1                   2                   2 
                                                        2                                     1
##################################################################################################Z
                                                2                                                  
                                                                                                 1 
##################################################################################################Z
                                        2                                                        
                 2                                          2                       2             1
##################################################################################################Z
                    1                               1                     1                     2 
                                                                                                 1
##################################################################################################E